----------------------------------------------------------------------------------------------------------
|      | Index|   7,3|   7,4|   7,4|   7,5|   7,6|   7,6|   7,8|   7,9|   8,1|   8,2|   8,3|   8,3|   7,8|
| 1981 | %    |    ..|    ..|    ..|    ..|    ..|    ..|    ..|    ..|    ..|    ..|    ..|    ..|    ..|
----------------------------------------------------------------------------------------------------------
|      | Index|   8,3|   8,4|   8,6|   8,8|   8,8|   8,9|   8,9|   9,1|   9,2|   9,3|   9,4|   9,4|   8,9|
| 1982 | %    | +13,7| +13,5| +16,2| +17,3| +15,8| +17,1| +14,1| +15,2| +13,6| +13,4| +13,3| +13,3| +14,1|
----------------------------------------------------------------------------------------------------------
|      | Index|   9,5|   9,7|   9,8|   9,9|   9,9|   9,9| 10,1| 10,2| 10,3| 10,3| 10,4| 10,4| 10,0|
| 1983 | %    | +14,5| +15,5| +14,0| +12,5| +12,5| +11,2| +13,5| +12,1| +12,0| +10,8| +10,6| +10,6| +12,4|
----------------------------------------------------------------------------------------------------------
|      | Index| 10,5| 10,6| 10,8| 10,9| 11,1| 11,1| 11,3| 11,4| 11,4| 11,6| 11,8| 11,8| 11,2|
| 1984 | %    | +10,5| +9,3| +10,2| +10,1| +12,1| +12,1| +11,9| +11,8| +10,7| +12,6| +13,5| +13,5| +12,0|
----------------------------------------------------------------------------------------------------------
|      | Index| 11,9| 12,4| 12,4| 12,7| 12,8| 13,0| 13,1| 13,2| 13,4| 13,6| 13,8| 14,0| 13,0|
| 1985 | %    | +13,3| +17,0| +14,8| +16,5| +15,3| +17,1| +15,9| +15,8| +17,5| +17,2| +16,9| +18,6| +16,1|
----------------------------------------------------------------------------------------------------------
|      | Index| 14,4| 14,6| 14,8| 15,0| 15,0| 15,2| 15,5| 15,7| 16,0| 16,2| 16,4| 16,6| 15,5|
| 1986 | %    | +21,0| +17,7| +19,4| +18,1| +17,2| +16,9| +18,3| +18,9| +19,4| +19,1| +18,8| +18,6| +19,2|
----------------------------------------------------------------------------------------------------------
|      | Index| 16,8| 17,0| 17,3| 17,5| 17,6| 17,8| 17,9| 18,3| 18,5| 18,7| 18,9| 19,0| 17,9|
| 1987 | %    | +16,7| +16,4| +16,9| +16,7| +17,3| +17,1| +15,5| +16,6| +15,6| +15,4| +15,2| +14,5| +15,5|
----------------------------------------------------------------------------------------------------------
|      | Index| 19,1| 19,3| 19,6| 19,8| 19,9| 20,0| 20,3| 20,5| 20,8| 21,0| 21,2| 21,4| 20,2|
| 1988 | %    | +13,7| +13,5| +13,3| +13,1| +13,1| +12,4| +13,4| +12,0| +12,4| +12,3| +12,2| +12,6| +12,8|
----------------------------------------------------------------------------------------------------------
|      | Index| 21,7| 21,9| 22,3| 22,6| 22,9| 23,1| 23,4| 23,7| 23,9| 24,1| 24,4| 24,7| 23,2|
| 1989 | %    | +13,6| +13,5| +13,8| +14,1| +15,1| +15,5| +15,3| +15,6| +14,9| +14,8| +15,1| +15,4| +14,9|
----------------------------------------------------------------------------------------------------------
|      | Index| 25,0| 25,2| 25,6| 25,8| 26,1| 26,3| 26,4| 26,9| 27,3| 27,5| 28,1| 28,3| 26,5|
| 1990 | %    | +15,2| +15,1| +14,8| +14,2| +14,0| +13,9| +12,8| +13,5| +14,2| +14,1| +15,2| +14,6| +14,2|
----------------------------------------------------------------------------------------------------------
|      | Index| 28,6| 28,9| 29,2| 29,6| 30,1| 30,3| 30,6| 31,1| 31,5| 32,1| 32,4| 32,9| 30,6|
| 1991 | %    | +14,4| +14,7| +14,1| +14,7| +15,3| +15,2| +15,9| +15,6| +15,4| +16,7| +15,3| +16,3| +15,5|
----------------------------------------------------------------------------------------------------------
|      | Index| 33,2| 33,5| 33,8| 34,2| 34,4| 34,8| 35,1| 35,5| 35,8| 35,8| 36,0| 36,0| 34,8|
| 1992 | %    | +16,1| +15,9| +15,8| +15,5| +14,3| +14,9| +14,7| +14,1| +13,7| +11,5| +11,1| +9,4| +13,7|
----------------------------------------------------------------------------------------------------------
|      | Index| 36,4| 36,5| 37,0| 38,0| 38,1| 38,3| 38,6| 38,8| 38,9| 39,3| 39,3| 39,4| 38,2|
| 1993 | %    | +9,6| +9,0| +9,5| +11,1| +10,8| +10,1| +10,0| +9,3| +8,7| +9,8| +9,2| +9,4| +9,8|
----------------------------------------------------------------------------------------------------------
|      | Index| 40,0| 40,1| 40,4| 40,6| 40,9| 41,1| 41,8| 42,4| 42,9| 43,1| 43,2| 43,3| 41,7|
| 1994 | %    | +9,9| +9,9| +9,2| +6,8| +7,3| +7,3| +8,3| +9,3| +10,3| +9,7| +9,9| +9,9| +9,2|
----------------------------------------------------------------------------------------------------------
|      | Index| 43,9| 44,1| 44,6| 45,1| 45,3| 45,3| 45,5| 45,6| 45,7| 45,8| 45,9| 46,3| 45,3|
| 1995 | %    | +9,8| +10,0| +10,4| +11,1| +10,8| +10,2| +8,9| +7,5| +6,5| +6,3| +6,3| +6,9| +8,6|
----------------------------------------------------------------------------------------------------------
|      | Index| 46,9| 46,9| 47,3| 47,6| 47,9| 48,4| 48,8| 49,0| 49,5| 49,9| 50,1| 50,6| 48,6|
| 1996 | %    | +6,8| +6,3| +6,1| +5,5| +5,7| +6,8| +7,3| +7,5| +8,3| +9,0| +9,2| +9,3| +7,3|
----------------------------------------------------------------------------------------------------------
|      | Index| 51,3| 51,6| 51,9| 52,3| 52,5| 52,6| 53,2| 53,3| 53,5| 53,8| 53,6| 53,8| 52,8|
| 1997 | %    | +9,4| +10,0| +9,7| +9,9| +9,6| +8,7| +9,0| +8,8| +8,1| +7,8| +7,0| +6,3| +8,6|
----------------------------------------------------------------------------------------------------------
|      | Index| 54,2| 54,3| 54,7| 54,9| 55,2| 55,4| 56,7| 57,3| 58,3| 58,6| 58,6| 58,6| 56,4|
| 1998 | %    | +5,7| +5,2| +5,4| +5,0| +5,1| +5,3| +6,6| +7,5| +9,0| +8,9| +9,3| +8,9| +6,8|
----------------------------------------------------------------------------------------------------------
|      | Index| 59,0| 59,0| 59,0| 59,1| 59,1| 59,4| 59,4| 59,2| 59,4| 59,6| 59,7| 59,9| 59,3|
| 1999 | %    | +8,9| +8,7| +7,9| +7,7| +7,1| +7,2| +4,8| +3,3| +1,9| +1,7| +1,9| +2,2| +5,1|
----------------------------------------------------------------------------------------------------------
|      | Index| 60,6| 60,4| 61,0| 61,8| 62,1| 62,4| 63,0| 63,3| 63,6| 63,8| 63,9| 64,1| 62,5|
| 2000 | %    | +2,7| +2,4| +3,4| +4,6| +5,1| +5,1| +6,1| +6,9| +7,1| +7,0| +7,0| +7,0| +5,4|
----------------------------------------------------------------------------------------------------------
|      | Index| 64,9| 65,1| 65,5| 65,8| 66,1| 66,4| 66,3| 66,2| 66,4| 66,3| 66,6| 67,0| 66,1|
| 2001 | %    | +7,1| +7,8| +7,4| +6,5| +6,4| +6,4| +5,2| +4,6| +4,4| +3,9| +4,2| +4,5| +5,8|
----------------------------------------------------------------------------------------------------------
|      | Index| 68,1| 68,9| 69,6| 70,7| 71,2| 71,7| 72,7| 73,1| 73,8| 74,9| 75,2| 75,3| 72,1|
| 2002 | %    | +4,9| +5,8| +6,3| +7,4| +7,7| +8,0| +9,7| +10,4| +11,1| +13,0| +12,9| +12,4| +9,1|
----------------------------------------------------------------------------------------------------------
|      | Index| 76,0| 75,9| 76,7| 76,9| 76,8| 76,5| 76,5| 76,8| 76,6| 76,1| 75,5| 75,6| 76,3|
| 2003 | %    | +11,6| +10,2| +10,2| +8,8| +7,9| +6,7| +5,2| +5,1| +3,8| +1,6| +0,4| +0,4| +5,8|
----------------------------------------------------------------------------------------------------------
|      | Index| 76,1| 76,5| 77,0| 77,1| 77,2| 77,4| 77,7| 77,6| 77,6| 77,9| 78,3| 78,1| 77,4|
| 2004 | %    | +0,1| +0,8| +0,4| +0,3| +0,5| +1,2| +1,6| +1,0| +1,3| +2,4| +3,7| +3,3| +1,4|
----------------------------------------------------------------------------------------------------------
|      | Index| 78,4| 78,5| 79,3| 79,8| 79,8| 79,6| 80,3| 80,6| 80,9| 81,0| 80,9| 80,9| 80,0|
| 2005 | %    | +3,0| +2,6| +3,0| +3,5| +3,4| +2,8| +3,3| +3,9| +4,3| +4,0| +3,3| +3,6| +3,4|
----------------------------------------------------------------------------------------------------------
|      | Index| 81,5| 81,6| 82,0| 82,4| 82,9| 83,5| 84,3| 85,0| 85,2| 85,4| 85,3| 85,6| 83,7|
| 2006 | %    | +4,0| +3,9| +3,4| +3,3| +3,9| +4,9| +5,0| +5,5| +5,3| +5,4| +5,4| +5,8| +4,6|
----------------------------------------------------------------------------------------------------------
|      | Index| 86,4| 86,3| 87,0| 88,1| 88,6| 89,4| 90,3| 90,7| 91,3| 92,1| 92,5| 93,3| 89,7|
| 2007 | %    | +6,0| +5,8| +6,1| +6,9| +6,9| +7,1| +7,1| +6,7| +7,2| +7,8| +8,4| +9,0| +7,2|
----------------------------------------------------------------------------------------------------------
|      | Index| 94,4| 94,7| 96,2| 97,9| 99,0| 100,3| 102,4| 103,1| 103,3| 103,3| 103,4| 102,2| 100,0|
| 2008 | %    | +9,3| +9,8| +10,6| +11,1| +11,7| +12,2| +13,4| +13,7| +13,1| +12,1| +11,8| +9,5| +11,5|
----------------------------------------------------------------------------------------------------------
